022012	7.230769230769231
022013	7.2
022010	7.851851851851852
022011	9.785714285714286
032013	10.741935483870968
032010	13.133333333333333
032012	18.548387096774192
032011	13.741935483870968
022003	9.278571428571428
022004	10.41034482758621
022005	9.146428571428572
022006	8.903571428571428
022000	12.344444444444441
022001	12.164285714285715
022002	11.839285714285717
022007	11.878571428571425
022008	11.596551724137932
022009	9.37037037037037
032009	14.566666666666666
032008	16.51290322580645
032007	16.551612903225802
032006	13.961290322580643
032005	15.361290322580643
032004	13.670967741935485
032003	17.33225806451613
032002	18.138709677419357
032001	15.477419354838712
032000	17.374193548387098
042012	16.733333333333334
042013	17.633333333333333
062011	26.1
062010	27.0
042010	19.233333333333334
062013	27.344827586206897
042011	22.366666666666667
062012	28.233333333333334
072008	29.516129032258064
072009	30.903225806451612
072006	32.71290322580646
072007	31.912903225806453
082010	27.93548387096774
052003	27.56129032258065
072004	31.27096774193548
082011	31.096774193548388
052002	22.98
072005	31.2516129032258
052001	25.206451612903226
072002	30.106451612903225
052000	26.3741935483871
072003	32.035483870967745
052007	25.16774193548387
072000	30.090322580645157
052006	23.99677419354839
072001	31.190322580645155
082012	31.806451612903224
052005	25.541935483870965
082013	29.225806451612904
052004	23.561290322580643
052009	26.64516129032258
052008	23.75161290322581
122005	6.216129032258064
042003	18.506666666666668
122004	9.148387096774194
082009	31.677419354838708
042004	19.09333333333333
122007	7.8451612903225785
042001	18.45666666666667
122006	9.329032258064515
042002	19.10666666666667
122001	6.93548387096774
062002	29.18846153846153
122000	9.058064516129033
042000	19.240000000000002
062001	28.78000000000001
122003	9.490322580645161
062000	29.969999999999995
122002	7.519354838709678
062006	29.269999999999996
062005	30.04
042009	19.266666666666666
062004	30.30333333333333
062003	33.04333333333334
122009	6.0
042007	23.84666666666667
122008	6.379310344827586
042008	18.316666666666666
062009	29.533333333333335
042005	17.586666666666666
062008	27.033333333333335
042006	19.796666666666667
062007	27.790000000000006
052010	21.93548387096774
072013	30.741935483870968
052012	23.096774193548388
052011	25.64516129032258
082000	30.55483870967742
052013	21.06451612903226
112012	13.066666666666666
102013	17.70967741935484
082001	32.38387096774194
112013	12.2
082002	28.69032258064517
072010	31.096774193548388
082003	35.28709677419354
072011	28.096774193548388
122010	4.25
082004	30.783870967741933
072012	30.516129032258064
082005	28.66774193548387
082006	27.416129032258066
082007	28.59333333333334
082008	29.70967741935484
112011	11.166666666666666
102012	18.516129032258064
122013	8.379310344827585
112010	10.8
102011	19.322580645161292
122012	6.416666666666667
102010	16.1
122011	8.714285714285714
092010	23.533333333333335
012013	6.275862068965517
012012	7.333333333333333
012011	4.714285714285714
092013	24.96551724137931
092011	27.379310344827587
092012	24.5
112009	11.833333333333334
112007	13.076666666666666
102008	20.225806451612904
112008	12.833333333333334
102009	19.533333333333335
112005	14.408333333333331
102006	20.65806451612903
112006	14.376666666666665
102007	19.864516129032264
112003	12.453571428571433
102004	19.299999999999997
112004	13.700000000000005
102005	19.164516129032258
112001	11.599999999999998
102002	19.44516129032258
112002	13.129999999999999
102003	17.677419354838708
012005	8.016129032258064
012004	7.838709677419355
112000	12.153333333333334
102001	21.4741935483871
012007	9.738709677419358
102000	18.90322580645161
012006	6.716129032258063
012001	7.283870967741937
012000	8.629032258064516
012003	7.358064516129032
012002	7.3419354838709685
092000	27.003333333333337
092001	23.73666666666666
092002	24.383333333333336
092003	26.433333333333337
092004	26.51333333333334
012009	4.32
092005	26.066666666666674
012008	8.538709677419355
092006	26.58666666666667
092007	24.636666666666667
092009	27.066666666666666
092008	23.933333333333334
012010	5.481481481481482
